image: map_keepout.pgm
resolution: 0.025000
origin: [-20.400000, -20.400000, 0.000000]
negate: 0
occupied_thresh: 0.65
free_thresh: 0.196

